[
  {
    "frame": 1,
    "width": 1920,
    "height": 1080,
    "fx": 1386.6666412353516,
    "fy": 1386.6666412353516,
    "cx": 960.0,
    "cy": 540.0,
    "R": [
      [
        -4.371139183945161e-08,
        -1.5187258384230518e-07,
        -1.0000001192092896
      ],
      [
        -0.4472135603427887,
        0.8944272398948669,
        -1.1629062868223627e-07
      ],
      [
        0.8944271802902222,
        0.4472135305404663,
        -1.070161133043257e-07
      ]
    ],
    "T": [
      -0.00043623847886919975,
      -0.8928842544555664,
      24.146448135375977
    ],
    "znear": 0.10000000149011612,
    "zfar": 156.6999969482422
  },
  {
    "frame": 2,
    "width": 1920,
    "height": 1080,
    "fx": 1386.6666412353516,
    "fy": 1386.6666412353516,
    "cx": 960.0,
    "cy": 540.0,
    "R": [
      [
        -4.371139183945161e-08,
        -1.5187258384230518e-07,
        -1.0000001192092896
      ],
      [
        -0.4472135603427887,
        0.8944272398948669,
        -1.1629062868223627e-07
      ],
      [
        0.8944271802902222,
        0.4472135305404663,
        -1.070161133043257e-07
      ]
    ],
    "T": [
      -0.0017310268012806773,
      -0.888279914855957,
      24.137237548828125
    ],
    "znear": 0.10000000149011612,
    "zfar": 156.6999969482422
  },
  {
    "frame": 3,
    "width": 1920,
    "height": 1080,
    "fx": 1386.6666412353516,
    "fy": 1386.6666412353516,
    "cx": 960.0,
    "cy": 540.0,
    "R": [
      [
        -4.371139183945161e-08,
        -1.5187258384230518e-07,
        -1.0000001192092896
      ],
      [
        -0.4472135603427887,
        0.8944272398948669,
        -1.1629062868223627e-07
      ],
      [
        0.8944271802902222,
        0.4472135305404663,
        -1.070161133043257e-07
      ]
    ],
    "T": [
      -0.0038771166000515223,
      -0.8806467056274414,
      24.121971130371094
    ],
    "znear": 0.10000000149011612,
    "zfar": 156.6999969482422
  },
  {
    "frame": 4,
    "width": 1920,
    "height": 1080,
    "fx": 1386.6666412353516,
    "fy": 1386.6666412353516,
    "cx": 960.0,
    "cy": 540.0,
    "R": [
      [
        -4.371139183945161e-08,
        -1.5187258384230518e-07,
        -1.0000001192092896
      ],
      [
        -0.4472135603427887,
        0.8944272398948669,
        -1.1629062868223627e-07
      ],
      [
        0.8944271802902222,
        0.4472135305404663,
        -1.070161133043257e-07
      ]
    ],
    "T": [
      -0.006864776834845543,
      -0.8700189590454102,
      24.10071563720703
    ],
    "znear": 0.10000000149011612,
    "zfar": 156.6999969482422
  },
  {
    "frame": 5,
    "width": 1920,
    "height": 1080,
    "fx": 1386.6666412353516,
    "fy": 1386.6666412353516,
    "cx": 960.0,
    "cy": 540.0,
    "R": [
      [
        -4.371139183945161e-08,
        -1.5187258384230518e-07,
        -1.0000001192092896
      ],
      [
        -0.4472135603427887,
        0.8944272398948669,
        -1.1629062868223627e-07
      ],
      [
        0.8944271802902222,
        0.4472135305404663,
        -1.070161133043257e-07
      ]
    ],
    "T": [
      -0.010684281587600708,
      -0.8564319610595703,
      24.07354164123535
    ],
    "znear": 0.10000000149011612,
    "zfar": 156.6999969482422
  },
  {
    "frame": 6,
    "width": 1920,
    "height": 1080,
    "fx": 1386.6666412353516,
    "fy": 1386.6666412353516,
    "cx": 960.0,
    "cy": 540.0,
    "R": [
      [
        -4.371139183945161e-08,
        -1.5187258384230518e-07,
        -1.0000001192092896
      ],
      [
        -0.4472135603427887,
        0.8944272398948669,
        -1.1629062868223627e-07
      ],
      [
        0.8944271802902222,
        0.4472135305404663,
        -1.070161133043257e-07
      ]
    ],
    "T": [
      -0.015325899235904217,
      -0.8399162292480469,
      24.040512084960938
    ],
    "znear": 0.10000000149011612,
    "zfar": 156.6999969482422
  },
  {
    "frame": 7,
    "width": 1920,
    "height": 1080,
    "fx": 1386.6666412353516,
    "fy": 1386.6666412353516,
    "cx": 960.0,
    "cy": 540.0,
    "R": [
      [
        -4.371139183945161e-08,
        -1.5187258384230518e-07,
        -1.0000001192092896
      ],
      [
        -0.4472135603427887,
        0.8944272398948669,
        -1.1629062868223627e-07
      ],
      [
        0.8944271802902222,
        0.4472135305404663,
        -1.070161133043257e-07
      ]
    ],
    "T": [
      -0.02077990025281906,
      -0.8205099105834961,
      24.001699447631836
    ],
    "znear": 0.10000000149011612,
    "zfar": 156.6999969482422
  },
  {
    "frame": 8,
    "width": 1920,
    "height": 1080,
    "fx": 1386.6666412353516,
    "fy": 1386.6666412353516,
    "cx": 960.0,
    "cy": 540.0,
    "R": [
      [
        -4.371139183945161e-08,
        -1.5187258384230518e-07,
        -1.0000001192092896
      ],
      [
        -0.4472135603427887,
        0.8944272398948669,
        -1.1629062868223627e-07
      ],
      [
        0.8944271802902222,
        0.4472135305404663,
        -1.070161133043257e-07
      ]
    ],
    "T": [
      -0.027036555111408234,
      -0.798243522644043,
      23.957168579101562
    ],
    "znear": 0.10000000149011612,
    "zfar": 156.6999969482422
  },
  {
    "frame": 9,
    "width": 1920,
    "height": 1080,
    "fx": 1386.6666412353516,
    "fy": 1386.6666412353516,
    "cx": 960.0,
    "cy": 540.0,
    "R": [
      [
        -4.371139183945161e-08,
        -1.5187258384230518e-07,
        -1.0000001192092896
      ],
      [
        -0.4472135603427887,
        0.8944272398948669,
        -1.1629062868223627e-07
      ],
      [
        0.8944271802902222,
        0.4472135305404663,
        -1.070161133043257e-07
      ]
    ],
    "T": [
      -0.03408614173531532,
      -0.7731542587280273,
      23.906984329223633
    ],
    "znear": 0.10000000149011612,
    "zfar": 156.6999969482422
  },
  {
    "frame": 10,
    "width": 1920,
    "height": 1080,
    "fx": 1386.6666412353516,
    "fy": 1386.6666412353516,
    "cx": 960.0,
    "cy": 540.0,
    "R": [
      [
        -4.371139183945161e-08,
        -1.5187258384230518e-07,
        -1.0000001192092896
      ],
      [
        -0.4472135603427887,
        0.8944272398948669,
        -1.1629062868223627e-07
      ],
      [
        0.8944271802902222,
        0.4472135305404663,
        -1.070161133043257e-07
      ]
    ],
    "T": [
      -0.04191892221570015,
      -0.7452716827392578,
      23.851224899291992
    ],
    "znear": 0.10000000149011612,
    "zfar": 156.6999969482422
  },
  {
    "frame": 11,
    "width": 1920,
    "height": 1080,
    "fx": 1386.6666412353516,
    "fy": 1386.6666412353516,
    "cx": 960.0,
    "cy": 540.0,
    "R": [
      [
        -4.371139183945161e-08,
        -1.5187258384230518e-07,
        -1.0000001192092896
      ],
      [
        -0.4472135603427887,
        0.8944272398948669,
        -1.1629062868223627e-07
      ],
      [
        0.8944271802902222,
        0.4472135305404663,
        -1.070161133043257e-07
      ]
    ],
    "T": [
      -0.05052517354488373,
      -0.7146358489990234,
      23.78995132446289
    ],
    "znear": 0.10000000149011612,
    "zfar": 156.6999969482422
  },
  {
    "frame": 12,
    "width": 1920,
    "height": 1080,
    "fx": 1386.6666412353516,
    "fy": 1386.6666412353516,
    "cx": 960.0,
    "cy": 540.0,
    "R": [
      [
        -4.371139183945161e-08,
        -1.5187258384230518e-07,
        -1.0000001192092896
      ],
      [
        -0.4472135603427887,
        0.8944272398948669,
        -1.1629062868223627e-07
      ],
      [
        0.8944271802902222,
        0.4472135305404663,
        -1.070161133043257e-07
      ]
    ],
    "T": [
      -0.059895165264606476,
      -0.6812734603881836,
      23.72322654724121
    ],
    "znear": 0.10000000149011612,
    "zfar": 156.6999969482422
  },
  {
    "frame": 13,
    "width": 1920,
    "height": 1080,
    "fx": 1386.6666412353516,
    "fy": 1386.6666412353516,
    "cx": 960.0,
    "cy": 540.0,
    "R": [
      [
        -4.371139183945161e-08,
        -1.5187258384230518e-07,
        -1.0000001192092896
      ],
      [
        -0.4472135603427887,
        0.8944272398948669,
        -1.1629062868223627e-07
      ],
      [
        0.8944271802902222,
        0.4472135305404663,
        -1.070161133043257e-07
      ]
    ],
    "T": [
      -0.07001914083957672,
      -0.6452245712280273,
      23.6511287689209
    ],
    "znear": 0.10000000149011612,
    "zfar": 156.6999969482422
  },
  {
    "frame": 14,
    "width": 1920,
    "height": 1080,
    "fx": 1386.6666412353516,
    "fy": 1386.6666412353516,
    "cx": 960.0,
    "cy": 540.0,
    "R": [
      [
        -4.371139183945161e-08,
        -1.5187258384230518e-07,
        -1.0000001192092896
      ],
      [
        -0.4472135603427887,
        0.8944272398948669,
        -1.1629062868223627e-07
      ],
      [
        0.8944271802902222,
        0.4472135305404663,
        -1.070161133043257e-07
      ]
    ],
    "T": [
      -0.08088742941617966,
      -0.6065196990966797,
      23.573715209960938
    ],
    "znear": 0.10000000149011612,
    "zfar": 156.6999969482422
  },
  {
    "frame": 15,
    "width": 1920,
    "height": 1080,
    "fx": 1386.6666412353516,
    "fy": 1386.6666412353516,
    "cx": 960.0,
    "cy": 540.0,
    "R": [
      [
        -4.371139183945161e-08,
        -1.5187258384230518e-07,
        -1.0000001192092896
      ],
      [
        -0.4472135603427887,
        0.8944272398948669,
        -1.1629062868223627e-07
      ],
      [
        0.8944271802902222,
        0.4472135305404663,
        -1.070161133043257e-07
      ]
    ],
    "T": [
      -0.09249025583267212,
      -0.5651931762695312,
      23.491064071655273
    ],
    "znear": 0.10000000149011612,
    "zfar": 156.6999969482422
  },
  {
    "frame": 16,
    "width": 1920,
    "height": 1080,
    "fx": 1386.6666412353516,
    "fy": 1386.6666412353516,
    "cx": 960.0,
    "cy": 540.0,
    "R": [
      [
        -4.371139183945161e-08,
        -1.5187258384230518e-07,
        -1.0000001192092896
      ],
      [
        -0.4472135603427887,
        0.8944272398948669,
        -1.1629062868223627e-07
      ],
      [
        0.8944271802902222,
        0.4472135305404663,
        -1.070161133043257e-07
      ]
    ],
    "T": [
      -0.10481790453195572,
      -0.5212802886962891,
      23.403236389160156
    ],
    "znear": 0.10000000149011612,
    "zfar": 156.6999969482422
  },
  {
    "frame": 17,
    "width": 1920,
    "height": 1080,
    "fx": 1386.6666412353516,
    "fy": 1386.6666412353516,
    "cx": 960.0,
    "cy": 540.0,
    "R": [
      [
        -4.371139183945161e-08,
        -1.5187258384230518e-07,
        -1.0000001192092896
      ],
      [
        -0.4472135603427887,
        0.8944272398948669,
        -1.1629062868223627e-07
      ],
      [
        0.8944271802902222,
        0.4472135305404663,
        -1.070161133043257e-07
      ]
    ],
    "T": [
      -0.11786065250635147,
      -0.47481346130371094,
      23.310302734375
    ],
    "znear": 0.10000000149011612,
    "zfar": 156.6999969482422
  },
  {
    "frame": 18,
    "width": 1920,
    "height": 1080,
    "fx": 1386.6666412353516,
    "fy": 1386.6666412353516,
    "cx": 960.0,
    "cy": 540.0,
    "R": [
      [
        -4.371139183945161e-08,
        -1.5187258384230518e-07,
        -1.0000001192092896
      ],
      [
        -0.4472135603427887,
        0.8944272398948669,
        -1.1629062868223627e-07
      ],
      [
        0.8944271802902222,
        0.4472135305404663,
        -1.070161133043257e-07
      ]
    ],
    "T": [
      -0.131608784198761,
      -0.4258261024951935,
      23.21232795715332
    ],
    "znear": 0.10000000149011612,
    "zfar": 156.6999969482422
  },
  {
    "frame": 19,
    "width": 1920,
    "height": 1080,
    "fx": 1386.6666412353516,
    "fy": 1386.6666412353516,
    "cx": 960.0,
    "cy": 540.0,
    "R": [
      [
        -4.371139183945161e-08,
        -1.5187258384230518e-07,
        -1.0000001192092896
      ],
      [
        -0.4472135603427887,
        0.8944272398948669,
        -1.1629062868223627e-07
      ],
      [
        0.8944271802902222,
        0.4472135305404663,
        -1.070161133043257e-07
      ]
    ],
    "T": [
      -0.1460525244474411,
      -0.37435343861579895,
      23.109386444091797
    ],
    "znear": 0.10000000149011612,
    "zfar": 156.6999969482422
  },
  {
    "frame": 20,
    "width": 1920,
    "height": 1080,
    "fx": 1386.6666412353516,
    "fy": 1386.6666412353516,
    "cx": 960.0,
    "cy": 540.0,
    "R": [
      [
        -4.371139183945161e-08,
        -1.5187258384230518e-07,
        -1.0000001192092896
      ],
      [
        -0.4472135603427887,
        0.8944272398948669,
        -1.1629062868223627e-07
      ],
      [
        0.8944271802902222,
        0.4472135305404663,
        -1.070161133043257e-07
      ]
    ],
    "T": [
      -0.16118213534355164,
      -0.32043078541755676,
      23.001541137695312
    ],
    "znear": 0.10000000149011612,
    "zfar": 156.6999969482422
  },
  {
    "frame": 21,
    "width": 1920,
    "height": 1080,
    "fx": 1386.6666412353516,
    "fy": 1386.6666412353516,
    "cx": 960.0,
    "cy": 540.0,
    "R": [
      [
        -4.371139183945161e-08,
        -1.5187258384230518e-07,
        -1.0000001192092896
      ],
      [
        -0.4472135603427887,
        0.8944272398948669,
        -1.1629062868223627e-07
      ],
      [
        0.8944271802902222,
        0.4472135305404663,
        -1.070161133043257e-07
      ]
    ],
    "T": [
      -0.17698796093463898,
      -0.2640896141529083,
      22.888858795166016
    ],
    "znear": 0.10000000149011612,
    "zfar": 156.6999969482422
  },
  {
    "frame": 22,
    "width": 1920,
    "height": 1080,
    "fx": 1386.6666412353516,
    "fy": 1386.6666412353516,
    "cx": 960.0,
    "cy": 540.0,
    "R": [
      [
        -4.371139183945161e-08,
        -1.5187258384230518e-07,
        -1.0000001192092896
      ],
      [
        -0.4472135603427887,
        0.8944272398948669,
        -1.1629062868223627e-07
      ],
      [
        0.8944271802902222,
        0.4472135305404663,
        -1.070161133043257e-07
      ]
    ],
    "T": [
      -0.19346027076244354,
      -0.20536425709724426,
      22.771404266357422
    ],
    "znear": 0.10000000149011612,
    "zfar": 156.6999969482422
  },
  {
    "frame": 23,
    "width": 1920,
    "height": 1080,
    "fx": 1386.6666412353516,
    "fy": 1386.6666412353516,
    "cx": 960.0,
    "cy": 540.0,
    "R": [
      [
        -4.371139183945161e-08,
        -1.5187258384230518e-07,
        -1.0000001192092896
      ],
      [
        -0.4472135603427887,
        0.8944272398948669,
        -1.1629062868223627e-07
      ],
      [
        0.8944271802902222,
        0.4472135305404663,
        -1.070161133043257e-07
      ]
    ],
    "T": [
      -0.2105892449617386,
      -0.1442900002002716,
      22.649255752563477
    ],
    "znear": 0.10000000149011612,
    "zfar": 156.6999969482422
  },
  {
    "frame": 24,
    "width": 1920,
    "height": 1080,
    "fx": 1386.6666412353516,
    "fy": 1386.6666412353516,
    "cx": 960.0,
    "cy": 540.0,
    "R": [
      [
        -4.371139183945161e-08,
        -1.5187258384230518e-07,
        -1.0000001192092896
      ],
      [
        -0.4472135603427887,
        0.8944272398948669,
        -1.1629062868223627e-07
      ],
      [
        0.8944271802902222,
        0.4472135305404663,
        -1.070161133043257e-07
      ]
    ],
    "T": [
      -0.2283652275800705,
      -0.08089736104011536,
      22.522476196289062
    ],
    "znear": 0.10000000149011612,
    "zfar": 156.6999969482422
  },
  {
    "frame": 25,
    "width": 1920,
    "height": 1080,
    "fx": 1386.6666412353516,
    "fy": 1386.6666412353516,
    "cx": 960.0,
    "cy": 540.0,
    "R": [
      [
        -4.371139183945161e-08,
        -1.5187258384230518e-07,
        -1.0000001192092896
      ],
      [
        -0.4472135603427887,
        0.8944272398948669,
        -1.1629062868223627e-07
      ],
      [
        0.8944271802902222,
        0.4472135305404663,
        -1.070161133043257e-07
      ]
    ],
    "T": [
      -0.2467784583568573,
      -0.015226393006742,
      22.391130447387695
    ],
    "znear": 0.10000000149011612,
    "zfar": 156.6999969482422
  },
  {
    "frame": 26,
    "width": 1920,
    "height": 1080,
    "fx": 1386.6666412353516,
    "fy": 1386.6666412353516,
    "cx": 960.0,
    "cy": 540.0,
    "R": [
      [
        -4.371139183945161e-08,
        -1.5187258384230518e-07,
        -1.0000001192092896
      ],
      [
        -0.4472135603427887,
        0.8944272398948669,
        -1.1629062868223627e-07
      ],
      [
        0.8944271802902222,
        0.4472135305404663,
        -1.070161133043257e-07
      ]
    ],
    "T": [
      -0.2658191919326782,
      0.05269429087638855,
      22.255292892456055
    ],
    "znear": 0.10000000149011612,
    "zfar": 156.6999969482422
  },
  {
    "frame": 27,
    "width": 1920,
    "height": 1080,
    "fx": 1386.6666412353516,
    "fy": 1386.6666412353516,
    "cx": 960.0,
    "cy": 540.0,
    "R": [
      [
        -4.371139183945161e-08,
        -1.5187258384230518e-07,
        -1.0000001192092896
      ],
      [
        -0.4472135603427887,
        0.8944272398948669,
        -1.1629062868223627e-07
      ],
      [
        0.8944271802902222,
        0.4472135305404663,
        -1.070161133043257e-07
      ]
    ],
    "T": [
      -0.28547778725624084,
      0.1228303611278534,
      22.115020751953125
    ],
    "znear": 0.10000000149011612,
    "zfar": 156.6999969482422
  },
  {
    "frame": 28,
    "width": 1920,
    "height": 1080,
    "fx": 1386.6666412353516,
    "fy": 1386.6666412353516,
    "cx": 960.0,
    "cy": 540.0,
    "R": [
      [
        -4.371139183945161e-08,
        -1.5187258384230518e-07,
        -1.0000001192092896
      ],
      [
        -0.4472135603427887,
        0.8944272398948669,
        -1.1629062868223627e-07
      ],
      [
        0.8944271802902222,
        0.4472135305404663,
        -1.070161133043257e-07
      ]
    ],
    "T": [
      -0.30574437975883484,
      0.1951436698436737,
      21.970388412475586
    ],
    "znear": 0.10000000149011612,
    "zfar": 156.6999969482422
  },
  {
    "frame": 29,
    "width": 1920,
    "height": 1080,
    "fx": 1386.6666412353516,
    "fy": 1386.6666412353516,
    "cx": 960.0,
    "cy": 540.0,
    "R": [
      [
        -4.371139183945161e-08,
        -1.5187258384230518e-07,
        -1.0000001192092896
      ],
      [
        -0.4472135603427887,
        0.8944272398948669,
        -1.1629062868223627e-07
      ],
      [
        0.8944271802902222,
        0.4472135305404663,
        -1.070161133043257e-07
      ]
    ],
    "T": [
      -0.32660940289497375,
      0.2696046531200409,
      21.821468353271484
    ],
    "znear": 0.10000000149011612,
    "zfar": 156.6999969482422
  },
  {
    "frame": 30,
    "width": 1920,
    "height": 1080,
    "fx": 1386.6666412353516,
    "fy": 1386.6666412353516,
    "cx": 960.0,
    "cy": 540.0,
    "R": [
      [
        -4.371139183945161e-08,
        -1.5187258384230518e-07,
        -1.0000001192092896
      ],
      [
        -0.4472135603427887,
        0.8944272398948669,
        -1.1629062868223627e-07
      ],
      [
        0.8944271802902222,
        0.4472135305404663,
        -1.070161133043257e-07
      ]
    ],
    "T": [
      -0.3480629622936249,
      0.3461780250072479,
      21.66832160949707
    ],
    "znear": 0.10000000149011612,
    "zfar": 156.6999969482422
  },
  {
    "frame": 31,
    "width": 1920,
    "height": 1080,
    "fx": 1386.6666412353516,
    "fy": 1386.6666412353516,
    "cx": 960.0,
    "cy": 540.0,
    "R": [
      [
        -4.371139183945161e-08,
        -1.5187258384230518e-07,
        -1.0000001192092896
      ],
      [
        -0.4472135603427887,
        0.8944272398948669,
        -1.1629062868223627e-07
      ],
      [
        0.8944271802902222,
        0.4472135305404663,
        -1.070161133043257e-07
      ]
    ],
    "T": [
      -0.37009546160697937,
      0.4248304069042206,
      21.51102066040039
    ],
    "znear": 0.10000000149011612,
    "zfar": 156.6999969482422
  },
  {
    "frame": 32,
    "width": 1920,
    "height": 1080,
    "fx": 1386.6666412353516,
    "fy": 1386.6666412353516,
    "cx": 960.0,
    "cy": 540.0,
    "R": [
      [
        -4.371139183945161e-08,
        -1.5187258384230518e-07,
        -1.0000001192092896
      ],
      [
        -0.4472135603427887,
        0.8944272398948669,
        -1.1629062868223627e-07
      ],
      [
        0.8944271802902222,
        0.4472135305404663,
        -1.070161133043257e-07
      ]
    ],
    "T": [
      -0.39269718527793884,
      0.5055264830589294,
      21.349626541137695
    ],
    "znear": 0.10000000149011612,
    "zfar": 156.6999969482422
  },
  {
    "frame": 33,
    "width": 1920,
    "height": 1080,
    "fx": 1386.6666412353516,
    "fy": 1386.6666412353516,
    "cx": 960.0,
    "cy": 540.0,
    "R": [
      [
        -4.371139183945161e-08,
        -1.5187258384230518e-07,
        -1.0000001192092896
      ],
      [
        -0.4472135603427887,
        0.8944272398948669,
        -1.1629062868223627e-07
      ],
      [
        0.8944271802902222,
        0.4472135305404663,
        -1.070161133043257e-07
      ]
    ],
    "T": [
      -0.4158581495285034,
      0.5882338881492615,
      21.184213638305664
    ],
    "znear": 0.10000000149011612,
    "zfar": 156.6999969482422
  },
  {
    "frame": 34,
    "width": 1920,
    "height": 1080,
    "fx": 1386.6666412353516,
    "fy": 1386.6666412353516,
    "cx": 960.0,
    "cy": 540.0,
    "R": [
      [
        -4.371139183945161e-08,
        -1.5187258384230518e-07,
        -1.0000001192092896
      ],
      [
        -0.4472135603427887,
        0.8944272398948669,
        -1.1629062868223627e-07
      ],
      [
        0.8944271802902222,
        0.4472135305404663,
        -1.070161133043257e-07
      ]
    ],
    "T": [
      -0.43956896662712097,
      0.6729163527488708,
      21.01484489440918
    ],
    "znear": 0.10000000149011612,
    "zfar": 156.6999969482422
  },
  {
    "frame": 35,
    "width": 1920,
    "height": 1080,
    "fx": 1386.6666412353516,
    "fy": 1386.6666412353516,
    "cx": 960.0,
    "cy": 540.0,
    "R": [
      [
        -4.371139183945161e-08,
        -1.5187258384230518e-07,
        -1.0000001192092896
      ],
      [
        -0.4472135603427887,
        0.8944272398948669,
        -1.1629062868223627e-07
      ],
      [
        0.8944271802902222,
        0.4472135305404663,
        -1.070161133043257e-07
      ]
    ],
    "T": [
      -0.4638197124004364,
      0.7595433592796326,
      20.841594696044922
    ],
    "znear": 0.10000000149011612,
    "zfar": 156.6999969482422
  },
  {
    "frame": 36,
    "width": 1920,
    "height": 1080,
    "fx": 1386.6666412353516,
    "fy": 1386.6666412353516,
    "cx": 960.0,
    "cy": 540.0,
    "R": [
      [
        -4.371139183945161e-08,
        -1.5187258384230518e-07,
        -1.0000001192092896
      ],
      [
        -0.4472135603427887,
        0.8944272398948669,
        -1.1629062868223627e-07
      ],
      [
        0.8944271802902222,
        0.4472135305404663,
        -1.070161133043257e-07
      ]
    ],
    "T": [
      -0.4886006712913513,
      0.8480786681175232,
      20.664520263671875
    ],
    "znear": 0.10000000149011612,
    "zfar": 156.6999969482422
  },
  {
    "frame": 37,
    "width": 1920,
    "height": 1080,
    "fx": 1386.6666412353516,
    "fy": 1386.6666412353516,
    "cx": 960.0,
    "cy": 540.0,
    "R": [
      [
        -4.371139183945161e-08,
        -1.5187258384230518e-07,
        -1.0000001192092896
      ],
      [
        -0.4472135603427887,
        0.8944272398948669,
        -1.1629062868223627e-07
      ],
      [
        0.8944271802902222,
        0.4472135305404663,
        -1.070161133043257e-07
      ]
    ],
    "T": [
      -0.5139021277427673,
      0.9384879469871521,
      20.483699798583984
    ],
    "znear": 0.10000000149011612,
    "zfar": 156.6999969482422
  },
  {
    "frame": 38,
    "width": 1920,
    "height": 1080,
    "fx": 1386.6666412353516,
    "fy": 1386.6666412353516,
    "cx": 960.0,
    "cy": 540.0,
    "R": [
      [
        -4.371139183945161e-08,
        -1.5187258384230518e-07,
        -1.0000001192092896
      ],
      [
        -0.4472135603427887,
        0.8944272398948669,
        -1.1629062868223627e-07
      ],
      [
        0.8944271802902222,
        0.4472135305404663,
        -1.070161133043257e-07
      ]
    ],
    "T": [
      -0.5397143959999084,
      1.0307382345199585,
      20.29920196533203
    ],
    "znear": 0.10000000149011612,
    "zfar": 156.6999969482422
  },
  {
    "frame": 39,
    "width": 1920,
    "height": 1080,
    "fx": 1386.6666412353516,
    "fy": 1386.6666412353516,
    "cx": 960.0,
    "cy": 540.0,
    "R": [
      [
        -4.371139183945161e-08,
        -1.5187258384230518e-07,
        -1.0000001192092896
      ],
      [
        -0.4472135603427887,
        0.8944272398948669,
        -1.1629062868223627e-07
      ],
      [
        0.8944271802902222,
        0.4472135305404663,
        -1.070161133043257e-07
      ]
    ],
    "T": [
      -0.5660276412963867,
      1.1247972249984741,
      20.111083984375
    ],
    "znear": 0.10000000149011612,
    "zfar": 156.6999969482422
  },
  {
    "frame": 40,
    "width": 1920,
    "height": 1080,
    "fx": 1386.6666412353516,
    "fy": 1386.6666412353516,
    "cx": 960.0,
    "cy": 540.0,
    "R": [
      [
        -4.371139183945161e-08,
        -1.5187258384230518e-07,
        -1.0000001192092896
      ],
      [
        -0.4472135603427887,
        0.8944272398948669,
        -1.1629062868223627e-07
      ],
      [
        0.8944271802902222,
        0.4472135305404663,
        -1.070161133043257e-07
      ]
    ],
    "T": [
      -0.5928323268890381,
      1.2206271886825562,
      19.919424057006836
    ],
    "znear": 0.10000000149011612,
    "zfar": 156.6999969482422
  },
  {
    "frame": 41,
    "width": 1920,
    "height": 1080,
    "fx": 1386.6666412353516,
    "fy": 1386.6666412353516,
    "cx": 960.0,
    "cy": 540.0,
    "R": [
      [
        -4.371139183945161e-08,
        -1.5187258384230518e-07,
        -1.0000001192092896
      ],
      [
        -0.4472135603427887,
        0.8944272398948669,
        -1.1629062868223627e-07
      ],
      [
        0.8944271802902222,
        0.4472135305404663,
        -1.070161133043257e-07
      ]
    ],
    "T": [
      -0.6201186180114746,
      1.3181966543197632,
      19.724285125732422
    ],
    "znear": 0.10000000149011612,
    "zfar": 156.6999969482422
  },
  {
    "frame": 42,
    "width": 1920,
    "height": 1080,
    "fx": 1386.6666412353516,
    "fy": 1386.6666412353516,
    "cx": 960.0,
    "cy": 540.0,
    "R": [
      [
        -4.371139183945161e-08,
        -1.5187258384230518e-07,
        -1.0000001192092896
      ],
      [
        -0.4472135603427887,
        0.8944272398948669,
        -1.1629062868223627e-07
      ],
      [
        0.8944271802902222,
        0.4472135305404663,
        -1.070161133043257e-07
      ]
    ],
    "T": [
      -0.6478765606880188,
      1.417472243309021,
      19.525733947753906
    ],
    "znear": 0.10000000149011612,
    "zfar": 156.6999969482422
  },
  {
    "frame": 43,
    "width": 1920,
    "height": 1080,
    "fx": 1386.6666412353516,
    "fy": 1386.6666412353516,
    "cx": 960.0,
    "cy": 540.0,
    "R": [
      [
        -4.371139183945161e-08,
        -1.5187258384230518e-07,
        -1.0000001192092896
      ],
      [
        -0.4472135603427887,
        0.8944272398948669,
        -1.1629062868223627e-07
      ],
      [
        0.8944271802902222,
        0.4472135305404663,
        -1.070161133043257e-07
      ]
    ],
    "T": [
      -0.6760968565940857,
      1.5184186697006226,
      19.323841094970703
    ],
    "znear": 0.10000000149011612,
    "zfar": 156.6999969482422
  },
  {
    "frame": 44,
    "width": 1920,
    "height": 1080,
    "fx": 1386.6666412353516,
    "fy": 1386.6666412353516,
    "cx": 960.0,
    "cy": 540.0,
    "R": [
      [
        -4.371139183945161e-08,
        -1.5187258384230518e-07,
        -1.0000001192092896
      ],
      [
        -0.4472135603427887,
        0.8944272398948669,
        -1.1629062868223627e-07
      ],
      [
        0.8944271802902222,
        0.4472135305404663,
        -1.070161133043257e-07
      ]
    ],
    "T": [
      -0.7047694325447083,
      1.6210039854049683,
      19.118669509887695
    ],
    "znear": 0.10000000149011612,
    "zfar": 156.6999969482422
  },
  {
    "frame": 45,
    "width": 1920,
    "height": 1080,
    "fx": 1386.6666412353516,
    "fy": 1386.6666412353516,
    "cx": 960.0,
    "cy": 540.0,
    "R": [
      [
        -4.371139183945161e-08,
        -1.5187258384230518e-07,
        -1.0000001192092896
      ],
      [
        -0.4472135603427887,
        0.8944272398948669,
        -1.1629062868223627e-07
      ],
      [
        0.8944271802902222,
        0.4472135305404663,
        -1.070161133043257e-07
      ]
    ],
    "T": [
      -0.7338847517967224,
      1.7251919507980347,
      18.910293579101562
    ],
    "znear": 0.10000000149011612,
    "zfar": 156.6999969482422
  },
  {
    "frame": 46,
    "width": 1920,
    "height": 1080,
    "fx": 1386.6666412353516,
    "fy": 1386.6666412353516,
    "cx": 960.0,
    "cy": 540.0,
    "R": [
      [
        -4.371139183945161e-08,
        -1.5187258384230518e-07,
        -1.0000001192092896
      ],
      [
        -0.4472135603427887,
        0.8944272398948669,
        -1.1629062868223627e-07
      ],
      [
        0.8944271802902222,
        0.4472135305404663,
        -1.070161133043257e-07
      ]
    ],
    "T": [
      -0.7634331583976746,
      1.8309482336044312,
      18.69878387451172
    ],
    "znear": 0.10000000149011612,
    "zfar": 156.6999969482422
  },
  {
    "frame": 47,
    "width": 1920,
    "height": 1080,
    "fx": 1386.6666412353516,
    "fy": 1386.6666412353516,
    "cx": 960.0,
    "cy": 540.0,
    "R": [
      [
        -4.371139183945161e-08,
        -1.5187258384230518e-07,
        -1.0000001192092896
      ],
      [
        -0.4472135603427887,
        0.8944272398948669,
        -1.1629062868223627e-07
      ],
      [
        0.8944271802902222,
        0.4472135305404663,
        -1.070161133043257e-07
      ]
    ],
    "T": [
      -0.7934046983718872,
      1.9382418394088745,
      18.484193801879883
    ],
    "znear": 0.10000000149011612,
    "zfar": 156.6999969482422
  },
  {
    "frame": 48,
    "width": 1920,
    "height": 1080,
    "fx": 1386.6666412353516,
    "fy": 1386.6666412353516,
    "cx": 960.0,
    "cy": 540.0,
    "R": [
      [
        -4.371139183945161e-08,
        -1.5187258384230518e-07,
        -1.0000001192092896
      ],
      [
        -0.4472135603427887,
        0.8944272398948669,
        -1.1629062868223627e-07
      ],
      [
        0.8944271802902222,
        0.4472135305404663,
        -1.070161133043257e-07
      ]
    ],
    "T": [
      -0.8237895369529724,
      2.0470361709594727,
      18.2666072845459
    ],
    "znear": 0.10000000149011612,
    "zfar": 156.6999969482422
  },
  {
    "frame": 49,
    "width": 1920,
    "height": 1080,
    "fx": 1386.6666412353516,
    "fy": 1386.6666412353516,
    "cx": 960.0,
    "cy": 540.0,
    "R": [
      [
        -4.371139183945161e-08,
        -1.5187258384230518e-07,
        -1.0000001192092896
      ],
      [
        -0.4472135603427887,
        0.8944272398948669,
        -1.1629062868223627e-07
      ],
      [
        0.8944271802902222,
        0.4472135305404663,
        -1.070161133043257e-07
      ]
    ],
    "T": [
      -0.8545782566070557,
      2.1572980880737305,
      18.046083450317383
    ],
    "znear": 0.10000000149011612,
    "zfar": 156.6999969482422
  },
  {
    "frame": 50,
    "width": 1920,
    "height": 1080,
    "fx": 1386.6666412353516,
    "fy": 1386.6666412353516,
    "cx": 960.0,
    "cy": 540.0,
    "R": [
      [
        -4.371139183945161e-08,
        -1.5187258384230518e-07,
        -1.0000001192092896
      ],
      [
        -0.4472135603427887,
        0.8944272398948669,
        -1.1629062868223627e-07
      ],
      [
        0.8944271802902222,
        0.4472135305404663,
        -1.070161133043257e-07
      ]
    ],
    "T": [
      -0.8857610821723938,
      2.2689943313598633,
      17.822690963745117
    ],
    "znear": 0.10000000149011612,
    "zfar": 156.6999969482422
  },
  {
    "frame": 51,
    "width": 1920,
    "height": 1080,
    "fx": 1386.6666412353516,
    "fy": 1386.6666412353516,
    "cx": 960.0,
    "cy": 540.0,
    "R": [
      [
        -4.371139183945161e-08,
        -1.5187258384230518e-07,
        -1.0000001192092896
      ],
      [
        -0.4472135603427887,
        0.8944272398948669,
        -1.1629062868223627e-07
      ],
      [
        0.8944271802902222,
        0.4472135305404663,
        -1.070161133043257e-07
      ]
    ],
    "T": [
      -0.9173281788825989,
      2.382089138031006,
      17.596500396728516
    ],
    "znear": 0.10000000149011612,
    "zfar": 156.6999969482422
  },
  {
    "frame": 52,
    "width": 1920,
    "height": 1080,
    "fx": 1386.6666412353516,
    "fy": 1386.6666412353516,
    "cx": 960.0,
    "cy": 540.0,
    "R": [
      [
        -4.371139183945161e-08,
        -1.5187258384230518e-07,
        -1.0000001192092896
      ],
      [
        -0.4472135603427887,
        0.8944272398948669,
        -1.1629062868223627e-07
      ],
      [
        0.8944271802902222,
        0.4472135305404663,
        -1.070161133043257e-07
      ]
    ],
    "T": [
      -0.949269711971283,
      2.496551036834717,
      17.367576599121094
    ],
    "znear": 0.10000000149011612,
    "zfar": 156.6999969482422
  },
  {
    "frame": 53,
    "width": 1920,
    "height": 1080,
    "fx": 1386.6666412353516,
    "fy": 1386.6666412353516,
    "cx": 960.0,
    "cy": 540.0,
    "R": [
      [
        -4.371139183945161e-08,
        -1.5187258384230518e-07,
        -1.0000001192092896
      ],
      [
        -0.4472135603427887,
        0.8944272398948669,
        -1.1629062868223627e-07
      ],
      [
        0.8944271802902222,
        0.4472135305404663,
        -1.070161133043257e-07
      ]
    ],
    "T": [
      -0.9815759658813477,
      2.612344264984131,
      17.135990142822266
    ],
    "znear": 0.10000000149011612,
    "zfar": 156.6999969482422
  },
  {
    "frame": 54,
    "width": 1920,
    "height": 1080,
    "fx": 1386.6666412353516,
    "fy": 1386.6666412353516,
    "cx": 960.0,
    "cy": 540.0,
    "R": [
      [
        -4.371139183945161e-08,
        -1.5187258384230518e-07,
        -1.0000001192092896
      ],
      [
        -0.4472135603427887,
        0.8944272398948669,
        -1.1629062868223627e-07
      ],
      [
        0.8944271802902222,
        0.4472135305404663,
        -1.070161133043257e-07
      ]
    ],
    "T": [
      -1.0142375230789185,
      2.729437828063965,
      16.901803970336914
    ],
    "znear": 0.10000000149011612,
    "zfar": 156.6999969482422
  },
  {
    "frame": 55,
    "width": 1920,
    "height": 1080,
    "fx": 1386.6666412353516,
    "fy": 1386.6666412353516,
    "cx": 960.0,
    "cy": 540.0,
    "R": [
      [
        -4.371139183945161e-08,
        -1.5187258384230518e-07,
        -1.0000001192092896
      ],
      [
        -0.4472135603427887,
        0.8944272398948669,
        -1.1629062868223627e-07
      ],
      [
        0.8944271802902222,
        0.4472135305404663,
        -1.070161133043257e-07
      ]
    ],
    "T": [
      -1.047244668006897,
      2.847792863845825,
      16.66509246826172
    ],
    "znear": 0.10000000149011612,
    "zfar": 156.6999969482422
  },
  {
    "frame": 56,
    "width": 1920,
    "height": 1080,
    "fx": 1386.6666412353516,
    "fy": 1386.6666412353516,
    "cx": 960.0,
    "cy": 540.0,
    "R": [
      [
        -4.371139183945161e-08,
        -1.5187258384230518e-07,
        -1.0000001192092896
      ],
      [
        -0.4472135603427887,
        0.8944272398948669,
        -1.1629062868223627e-07
      ],
      [
        0.8944271802902222,
        0.4472135305404663,
        -1.070161133043257e-07
      ]
    ],
    "T": [
      -1.0805871486663818,
      2.9673802852630615,
      16.42591667175293
    ],
    "znear": 0.10000000149011612,
    "zfar": 156.6999969482422
  },
  {
    "frame": 57,
    "width": 1920,
    "height": 1080,
    "fx": 1386.6666412353516,
    "fy": 1386.6666412353516,
    "cx": 960.0,
    "cy": 540.0,
    "R": [
      [
        -4.371139183945161e-08,
        -1.5187258384230518e-07,
        -1.0000001192092896
      ],
      [
        -0.4472135603427887,
        0.8944272398948669,
        -1.1629062868223627e-07
      ],
      [
        0.8944271802902222,
        0.4472135305404663,
        -1.070161133043257e-07
      ]
    ],
    "T": [
      -1.1142559051513672,
      3.088162660598755,
      16.18435287475586
    ],
    "znear": 0.10000000149011612,
    "zfar": 156.6999969482422
  },
  {
    "frame": 58,
    "width": 1920,
    "height": 1080,
    "fx": 1386.6666412353516,
    "fy": 1386.6666412353516,
    "cx": 960.0,
    "cy": 540.0,
    "R": [
      [
        -4.371139183945161e-08,
        -1.5187258384230518e-07,
        -1.0000001192092896
      ],
      [
        -0.4472135603427887,
        0.8944272398948669,
        -1.1629062868223627e-07
      ],
      [
        0.8944271802902222,
        0.4472135305404663,
        -1.070161133043257e-07
      ]
    ],
    "T": [
      -1.148240566253662,
      3.2101080417633057,
      15.940461158752441
    ],
    "znear": 0.10000000149011612,
    "zfar": 156.6999969482422
  },
  {
    "frame": 59,
    "width": 1920,
    "height": 1080,
    "fx": 1386.6666412353516,
    "fy": 1386.6666412353516,
    "cx": 960.0,
    "cy": 540.0,
    "R": [
      [
        -4.371139183945161e-08,
        -1.5187258384230518e-07,
        -1.0000001192092896
      ],
      [
        -0.4472135603427887,
        0.8944272398948669,
        -1.1629062868223627e-07
      ],
      [
        0.8944271802902222,
        0.4472135305404663,
        -1.070161133043257e-07
      ]
    ],
    "T": [
      -1.1825318336486816,
      3.3331825733184814,
      15.694314956665039
    ],
    "znear": 0.10000000149011612,
    "zfar": 156.6999969482422
  },
  {
    "frame": 60,
    "width": 1920,
    "height": 1080,
    "fx": 1386.6666412353516,
    "fy": 1386.6666412353516,
    "cx": 960.0,
    "cy": 540.0,
    "R": [
      [
        -4.371139183945161e-08,
        -1.5187258384230518e-07,
        -1.0000001192092896
      ],
      [
        -0.4472135603427887,
        0.8944272398948669,
        -1.1629062868223627e-07
      ],
      [
        0.8944271802902222,
        0.4472135305404663,
        -1.070161133043257e-07
      ]
    ],
    "T": [
      -1.2171196937561035,
      3.457350492477417,
      15.445976257324219
    ],
    "znear": 0.10000000149011612,
    "zfar": 156.6999969482422
  },
  {
    "frame": 61,
    "width": 1920,
    "height": 1080,
    "fx": 1386.6666412353516,
    "fy": 1386.6666412353516,
    "cx": 960.0,
    "cy": 540.0,
    "R": [
      [
        -4.371139183945161e-08,
        -1.5187258384230518e-07,
        -1.0000001192092896
      ],
      [
        -0.4472135603427887,
        0.8944272398948669,
        -1.1629062868223627e-07
      ],
      [
        0.8944271802902222,
        0.4472135305404663,
        -1.070161133043257e-07
      ]
    ],
    "T": [
      -1.2519948482513428,
      3.5825798511505127,
      15.195516586303711
    ],
