{
    "camera_angle_x": 0.9500215649604797,
    "camera_angle_y": 0.6605947017669678,
    "fl_x": 1866.6666412353516,
    "fl_y": 1866.6666412353518,
    "k1": 0.0,
    "k2": 0.0,
    "p1": 0.0,
    "p2": 0.0,
    "cx": 960.0,
    "cy": 540.0,
    "w": 1920,
    "h": 1080,
    "aabb_scale": 2,
    "scale": 1.0,
    "frames": [
        {
            "file_path": "./train/render_0000.png",
            "transform_matrix": [
                [
                    -1.6292068494294654e-07,
                    -0.16439875960350037,
                    0.9863939881324768,
                    60.0
                ],
                [
                    1.0,
                    -5.850528594919524e-08,
                    1.55417097857935e-07,
                    0.0
                ],
                [
                    3.215888355612151e-08,
                    0.9863939881324768,
                    0.16439875960350037,
                    10.0
                ],
                [
                    0.0,
                    0.0,
                    0.0,
                    1.0
                ]
            ]
        },
        {
            "file_path": "./train/render_0001.png",
            "transform_matrix": [
                [
                    -0.8989190459251404,
                    -0.10074979811906815,
                    0.426373153924942,
                    18.541019439697266
                ],
                [
                    0.43811482191085815,
                    -0.2067171335220337,
                    0.8748276829719543,
                    38.042259216308594
                ],
                [
                    -7.499264853549903e-08,
                    0.9731996059417725,
                    0.22996193170547485,
                    10.0
                ],
                [
                    0.0,
                    0.0,
                    0.0,
                    1.0
                ]
            ]
        },
        {
            "file_path": "./train/render_0002.png",
            "transform_matrix": [
                [
                    -0.9614156484603882,
                    -0.06538481265306473,
                    0.2672167122364044,
                    11.242878913879395
                ],
                [
                    0.27509987354278564,
                    -0.22850558161735535,
                    0.9338657855987549,
                    39.29148864746094
                ],
                [
                    -1.2782743397110607e-07,
                    0.9713444709777832,
                    0.23767618834972382,
                    10.0
                ],
                [
                    0.0,
                    0.0,
                    0.0,
                    1.0
                ]
            ]
        },
        {
            "file_path": "./train/render_0003.png",
            "transform_matrix": [
                [
                    -0.9955765008926392,
                    -0.022734547033905983,
                    0.09116238355636597,
                    3.7674312591552734
                ],
                [
                    0.09395445138216019,
                    -0.24090461432933807,
                    0.965990424156189,
                    39.92107009887695
                ],
                [
                    8.371112159011318e-08,
                    0.9702824950218201,
                    0.24197499454021454,
                    10.0
                ],
                [
                    0.0,
                    0.0,
                    0.0,
                    1.0
                ]
            ]
        },
        {
            "file_path": "./train/render_0004.png",
            "transform_matrix": [
                [
                    -0.9955765008926392,
                    0.022734547033905983,
                    -0.09116238355636597,
                    -3.7674312591552734
                ],
                [
                    -0.09395445138216019,
                    -0.24090461432933807,
                    0.965990424156189,
                    39.92107009887695
                ],
                [
                    -8.371112159011318e-08,
                    0.9702824950218201,
                    0.24197499454021454,
                    10.0
                ],
                [
                    0.0,
                    0.0,
                    0.0,
                    1.0
                ]
            ]
        },
        {
            "file_path": "./train/render_0005.png",
            "transform_matrix": [
                [
                    -0.9614156484603882,
                    0.06538481265306473,
                    -0.2672167122364044,
                    -11.242878913879395
                ],
                [
                    -0.27509987354278564,
                    -0.22850558161735535,
                    0.9338657855987549,
                    39.29148864746094
                ],
                [
                    1.2782743397110607e-07,
                    0.9713444709777832,
                    0.23767618834972382,
                    10.0
                ],
                [
                    0.0,
                    0.0,
                    0.0,
                    1.0
                ]
            ]
        },
        {
            "file_path": "./train/render_0006.png",
            "transform_matrix": [
                [
                    -0.8989190459251404,
                    0.10074979811906815,
                    -0.426373153924942,
                    -18.541019439697266
                ],
                [
                    -0.43811482191085815,
                    -0.2067171335220337,
                    0.8748276829719543,
                    38.042259216308594
                ],
                [
                    7.499264853549903e-08,
                    0.9731996059417725,
                    0.22996193170547485,
                    10.0
                ],
                [
                    0.0,
                    0.0,
                    0.0,
                    1.0
                ]
            ]
        },
        {
            "file_path": "./train/render_0007.png",
            "transform_matrix": [
                [
                    -0.8169816732406616,
                    0.12697471678256989,
                    -0.5625107288360596,
                    -25.546756744384766
                ],
                [
                    -0.576663613319397,
                    -0.17989009618759155,
                    0.7969307899475098,
                    36.19308090209961
                ],
                [
                    -5.7621022619969153e-08,
                    0.9754573106765747,
                    0.22018861770629883,
                    10.0
                ],
                [
                    0.0,
                    0.0,
                    0.0,
                    1.0
                ]
            ]
        },
        {
            "file_path": "./train/render_0008.png",
            "transform_matrix": [
                [
                    -0.7243013978004456,
                    0.14457976818084717,
                    -0.6741544604301453,
                    -32.14960861206055
                ],
                [
                    -0.6894835233688354,
                    -0.15188074111938477,
                    0.7081982493400574,
                    33.77311706542969
                ],
                [
                    6.052493262131975e-08,
                    0.9777673482894897,
                    0.2096927911043167,
                    10.0
                ],
                [
                    0.0,
                    0.0,
                    0.0,
                    1.0
                ]
            ]
        },
        {
            "file_path": "./train/render_0009.png",
            "transform_matrix": [
                [
                    -0.6274741888046265,
                    0.15533587336540222,
                    -0.7629855275154114,
                    -38.24543762207031
                ],
                [
                    -0.7786373496055603,
                    -0.12517938017845154,
                    0.6148609519004822,
                    30.82052993774414
                ],
                [
                    -9.764161035263896e-08,
                    0.9798983931541443,
                    0.19949714839458466,
                    10.0
                ],
                [
                    0.0,
                    0.0,
                    0.0,
                    1.0
                ]
            ]
        },
        {
            "file_path": "./train/render_0010.png",
            "transform_matrix": [
                [
                    -0.5306336879730225,
                    0.1612565666437149,
                    -0.8321202993392944,
                    -43.73811721801758
                ],
                [
                    -0.8476012349128723,
                    -0.10095329582691193,
                    0.520941972732544,
                    27.38188362121582
                ],
                [
                    3.1820679424754417e-08,
                    0.9817355871200562,
                    0.1902504861354828,
                    10.0
                ],
                [
                    0.0,
                    0.0,
                    0.0,
                    1.0
                ]
            ]
        },
        {
            "file_path": "./train/render_0011.png",
            "transform_matrix": [
                [
                    -0.08392255008220673,
                    -0.16451889276504517,
                    0.9827973246574402,
                    59.52688217163086
                ],
                [
                    0.9964722990989685,
                    -0.01385551504790783,
                    0.08277088403701782,
                    5.01332950592041
                ],
                [
                    -2.1112410308887775e-07,
                    0.9862766265869141,
                    0.1651013046503067,
                    10.0
                ],
                [
                    0.0,
                    0.0,
                    0.0,
                    1.0
                ]
            ]
        },
        {
            "file_path": "./train/render_0012.png",
            "transform_matrix": [
                [
                    -0.4359186589717865,
                    0.16406776010990143,
                    -0.8849049210548401,
                    -48.541019439697266
                ],
                [
                    -0.8999860882759094,
                    -0.07946813106536865,
                    0.42861393094062805,
                    23.511409759521484
                ],
                [
                    -1.555299355970874e-08,
                    0.9832428693771362,
                    0.18230032920837402,
                    10.0
                ],
                [
                    0.0,
                    0.0,
                    0.0,
                    1.0
                ]
            ]
        },
        {
            "file_path": "./train/render_0013.png",
            "transform_matrix": [
                [
                    -0.3441193103790283,
                    0.16505882143974304,
                    -0.9243037700653076,
                    -52.578399658203125
                ],
                [
                    -0.9389259219169617,
                    -0.060494620352983475,
                    0.33876022696495056,
                    19.2701473236084
                ],
                [
                    -4.5069697307553724e-08,
                    0.984426736831665,
                    0.17579537630081177,
                    10.0
                ],
                [
                    0.0,
                    0.0,
                    0.0,
                    1.0
                ]
            ]
        },
        {
            "file_path": "./train/render_0014.png",
            "transform_matrix": [
                [
                    -0.2552112936973572,
                    0.16511747241020203,
                    -0.9526821970939636,
                    -55.786590576171875
                ],
                [
                    -0.9668853282928467,
                    -0.04358295723795891,
                    0.2514623701572418,
                    14.724982261657715
                ],
                [
                    1.2396854742746655e-07,
                    0.9853104948997498,
                    0.170772522687912,
                    10.0
                ],
                [
                    0.0,
                    0.0,
                    0.0,
                    1.0
                ]
            ]
        },
        {
            "file_path": "./train/render_0015.png",
            "transform_matrix": [
                [
                    -0.16871729493141174,
                    0.16482044756412506,
                    -0.9717863202095032,
                    -58.114990234375
                ],
                [
                    -0.9856644868850708,
                    -0.028212476521730423,
                    0.16634176671504974,
                    9.947595596313477
                ],
                [
                    2.6188416768491152e-08,
                    0.9859200119972229,
                    0.16721759736537933,
                    10.0
                ],
                [
                    0.0,
                    0.0,
                    0.0,
                    1.0
                ]
            ]
        },
        {
            "file_path": "./train/render_0016.png",
            "transform_matrix": [
                [
                    -0.08392255008220673,
                    0.16451889276504517,
                    -0.9827973246574402,
                    -59.52688217163086
                ],
                [
                    -0.9964722990989685,
                    -0.01385551504790783,
                    0.08277088403701782,
                    5.01332950592041
                ],
                [
                    2.1112410308887775e-07,
                    0.9862766265869141,
                    0.1651013046503067,
                    10.0
                ],
                [
                    0.0,
                    0.0,
                    0.0,
                    1.0
                ]
            ]
        },
        {
            "file_path": "./train/render_0017.png",
            "transform_matrix": [
                [
                    -1.6292068494294654e-07,
                    0.16439875960350037,
                    -0.9863939881324768,
                    -60.0
                ],
                [
                    -1.0,
                    -5.850528594919524e-08,
                    1.55417097857935e-07,
                    4.8985871985824346e-15
                ],
                [
                    -3.215888355612151e-08,
                    0.9863939881324768,
                    0.16439875960350037,
                    10.0
                ],
                [
                    0.0,
                    0.0,
                    0.0,
                    1.0
                ]
            ]
        },
        {
            "file_path": "./train/render_0018.png",
            "transform_matrix": [
                [
                    0.08392246067523956,
                    0.16451887786388397,
                    -0.9827973246574402,
                    -59.52688217163086
                ],
                [
                    -0.9964722990989685,
                    0.01385578978806734,
                    -0.08277074992656708,
                    -5.01332950592041
                ],
                [
                    8.296710518607142e-08,
                    0.9862766265869141,
                    0.1651013046503067,
                    10.0
                ],
                [
                    0.0,
                    0.0,
                    0.0,
                    1.0
                ]
            ]
        },
        {
            "file_path": "./train/render_0019.png",
            "transform_matrix": [
                [
                    0.16871710121631622,
                    0.16482067108154297,
                    -0.9717863202095032,
                    -58.114990234375
                ],
                [
                    -0.9856645464897156,
                    0.028212562203407288,
                    -0.16634154319763184,
                    -9.947595596313477
                ],
                [
                    5.6519070312788244e-08,
                    0.9859199523925781,
                    0.16721783578395844,
                    10.0
                ],
                [
                    0.0,
                    0.0,
                    0.0,
                    1.0
                ]
            ]
        },
        {
            "file_path": "./train/render_0020.png",
            "transform_matrix": [
                [
                    0.2552114427089691,
                    0.1651175618171692,
                    -0.9526821970939636,
                    -55.786590576171875
                ],
                [
                    -0.9668852686882019,
                    0.04358304291963577,
                    -0.25146251916885376,
                    -14.724982261657715
                ],
                [
                    -8.857286104557716e-08,
                    0.985310435295105,
                    0.17077262699604034,
                    10.0
                ],
                [
                    0.0,
                    0.0,
                    0.0,
                    1.0
                ]
            ]
        },
        {
            "file_path": "./train/render_0021.png",
            "transform_matrix": [
                [
                    0.34411901235580444,
                    0.16505861282348633,
                    -0.9243039488792419,
                    -52.578399658203125
                ],
                [
                    -0.9389260411262512,
                    0.060494471341371536,
                    -0.3387599587440491,
                    -19.2701473236084
                ],
                [
                    2.9932305523061586e-08,
                    0.9844267964363098,
                    0.17579513788223267,
                    10.0
                ],
                [
                    0.0,
                    0.0,
                    0.0,
                    1.0
                ]
            ]
        },
        {
            "file_path": "./train/render_0022.png",
            "transform_matrix": [
                [
                    -0.16871729493141174,
                    -0.16482044756412506,
                    0.9717863202095032,
                    58.114990234375
                ],
                [
                    0.9856644868850708,
                    -0.028212476521730423,
                    0.16634176671504974,
                    9.947595596313477
                ],
                [
                    -2.6188416768491152e-08,
                    0.9859200119972229,
                    0.16721759736537933,
                    10.0
                ],
                [
                    0.0,
                    0.0,
                    0.0,
                    1.0
                ]
            ]
        },
        {
            "file_path": "./train/render_0023.png",
            "transform_matrix": [
                [
                    0.4359185993671417,
                    0.1640678495168686,
                    -0.8849049210548401,
                    -48.541019439697266
                ],
                [
                    -0.8999860882759094,
                    0.07946820557117462,
                    -0.4286138415336609,
                    -23.511409759521484
                ],
                [
                    5.484833920377241e-08,
                    0.9832428693771362,
                    0.18230044841766357,
                    10.0
                ],
                [
                    0.0,
                    0.0,
                    0.0,
                    1.0
                ]
            ]
        },
        {
            "file_path": "./train/render_0024.png",
            "transform_matrix": [
                [
                    0.5306336283683777,
                    0.16125670075416565,
                    -0.8321202993392944,
                    -43.73811721801758
                ],
                [
                    -0.8476012945175171,
                    0.10095331817865372,
                    -0.5209419131278992,
                    -27.38188362121582
                ],
                [
                    -6.067455871061611e-08,
                    0.9817355871200562,
                    0.19025060534477234,
                    10.0
                ],
                [
                    0.0,
                    0.0,
                    0.0,
                    1.0
                ]
            ]
        },
        {
            "file_path": "./train/render_0025.png",
            "transform_matrix": [
                [
                    0.6274740695953369,
                    0.15533585846424103,
                    -0.7629856467247009,
                    -38.24543762207031
                ],
                [
                    -0.7786374688148499,
                    0.1251792162656784,
                    -0.6148608922958374,
                    -30.82052993774414
                ],
                [
                    4.6828105837448675e-09,
                    0.9798984527587891,
                    0.1994970291852951,
                    10.0
                ],
                [
                    0.0,
                    0.0,
                    0.0,
                    1.0
                ]
            ]
        },
        {
            "file_path": "./train/render_0026.png",
            "transform_matrix": [
                [
                    0.7243013381958008,
                    0.14457976818084717,
                    -0.67415452003479,
                    -32.14960861206055
                ],
                [
                    -0.6894835829734802,
                    0.15188074111938477,
                    -0.7081981897354126,
                    -33.77311706542969
                ],
                [
                    -4.0954649449531644e-08,
                    0.9777673482894897,
                    0.2096927911043167,
                    10.0
                ],
                [
                    0.0,
                    0.0,
                    0.0,
                    1.0
                ]
            ]
        },
        {
            "file_path": "./train/render_0027.png",
            "transform_matrix": [
                [
                    0.8169817328453064,
                    0.12697483599185944,
                    -0.5625106692314148,
                    -25.546756744384766
                ],
                [
                    -0.5766635537147522,
                    0.17989015579223633,
                    -0.7969307899475098,
                    -36.19308090209961
                ],
                [
                    -1.7841786714711816e-08,
                    0.9754573106765747,
                    0.22018873691558838,
                    10.0
                ],
                [
                    0.0,
                    0.0,
                    0.0,
                    1.0
                ]
            ]
        },
        {
            "file_path": "./train/render_0028.png",
            "transform_matrix": [
                [
                    0.8989191055297852,
                    0.10074986517429352,
                    -0.4263730049133301,
                    -18.541019439697266
                ],
                [
                    -0.4381146728992462,
                    0.20671749114990234,
                    -0.8748276233673096,
                    -38.042259216308594
                ],
                [
                    -1.257350668026902e-08,
                    0.9731995463371277,
                    0.2299622893333435,
                    10.0
                ],
                [
                    0.0,
                    0.0,
                    0.0,
                    1.0
                ]
            ]
        },
        {
            "file_path": "./train/render_0029.png",
            "transform_matrix": [
                [
                    0.9614156484603882,
                    0.06538473069667816,
                    -0.26721665263175964,
                    -11.242878913879395
                ],
                [
                    -0.2750997841358185,
                    0.22850583493709564,
                    -0.9338657259941101,
                    -39.29148864746094
                ],
                [
                    5.9026405985207475e-09,
                    0.9713444113731384,
                    0.23767642676830292,
                    10.0
                ],
                [
                    0.0,
                    0.0,
                    0.0,
                    1.0
                ]
            ]
        },
        {
            "file_path": "./train/render_0030.png",
            "transform_matrix": [
                [
                    0.9955765008926392,
                    0.022734669968485832,
                    -0.09116245061159134,
                    -3.7674312591552734
                ],
                [
                    -0.09395454823970795,
                    0.24090461432933807,
                    -0.965990424156189,
                    -39.92107009887695
                ],
                [
                    -1.931893223172665e-08,
                    0.9702824950218201,
                    0.24197499454021454,
                    10.0
                ],
                [
                    0.0,
                    0.0,
                    0.0,
                    1.0
                ]
            ]
        },
        {
            "file_path": "./train/render_0031.png",
            "transform_matrix": [
                [
                    0.9955765008926392,
                    -0.022734669968485832,
                    0.09116245061159134,
                    3.7674312591552734
                ],
                [
                    0.09395454823970795,
                    0.24090461432933807,
                    -0.965990424156189,
                    -39.92107009887695
                ],
                [
                    1.931893223172665e-08,
                    0.9702824950218201,
                    0.24197499454021454,
                    10.0
                ],
                [
                    0.0,
                    0.0,
                    0.0,
                    1.0
                ]
            ]
        },
        {
            "file_path": "./train/render_0032.png",
            "transform_matrix": [
                [
                    0.9614156484603882,
                    -0.06538473069667816,
                    0.26721665263175964,
                    11.242878913879395
                ],
                [
                    0.2750997841358185,
                    0.22850583493709564,
                    -0.9338657259941101,
                    -39.29148864746094
                ],
                [
                    -5.9026405985207475e-09,
                    0.9713444113731384,
                    0.23767642676830292,
                    10.0
                ],
                [
                    0.0,
                    0.0,
                    0.0,
                    1.0
                ]
            ]
        },
        {
            "file_path": "./train/render_0033.png",
            "transform_matrix": [
                [
                    -0.2552112936973572,
                    -0.16511747241020203,
                    0.9526821970939636,
                    55.786590576171875
                ],
                [
                    0.9668853282928467,
                    -0.04358295723795891,
                    0.2514623701572418,
                    14.724982261657715
                ],
                [
                    -1.2396854742746655e-07,
                    0.9853104948997498,
                    0.170772522687912,
                    10.0
                ],
                [
                    0.0,
                    0.0,
                    0.0,
                    1.0
                ]
            ]
        },
        {
            "file_path": "./train/render_0034.png",
            "transform_matrix": [
                [
                    0.8989191055297852,
                    -0.10074986517429352,
                    0.4263730049133301,
                    18.541019439697266
                ],
                [
                    0.4381146728992462,
                    0.20671749114990234,
                    -0.8748276233673096,
                    -38.042259216308594
                ],
                [
                    1.257350668026902e-08,
                    0.9731995463371277,
                    0.2299622893333435,
                    10.0
                ],
                [
                    0.0,
                    0.0,
                    0.0,
                    1.0
                ]
            ]
        },
        {
            "file_path": "./train/render_0035.png",
            "transform_matrix": [
                [
                    0.8169817328453064,
                    -0.12697483599185944,
                    0.5625106692314148,
                    25.546756744384766
                ],
                [
                    0.5766635537147522,
                    0.17989015579223633,
                    -0.7969307899475098,
                    -36.19308090209961
                ],
                [
                    1.7841786714711816e-08,
                    0.9754573106765747,
                    0.22018873691558838,
                    10.0
                ],
                [
                    0.0,
                    0.0,
                    0.0,
                    1.0
                ]
            ]
        },
        {
            "file_path": "./train/render_0036.png",
            "transform_matrix": [
                [
                    0.7243013381958008,
                    -0.14457976818084717,
                    0.67415452003479,
                    32.14960861206055
                ],
                [
                    0.6894835829734802,
                    0.15188074111938477,
                    -0.7081981897354126,
                    -33.77311706542969
                ],
                [
                    4.0954649449531644e-08,
                    0.9777673482894897,
                    0.2096927911043167,
                    10.0
                ],
                [
                    0.0,
                    0.0,
                    0.0,
                    1.0
                ]
            ]
        },
        {
            "file_path": "./train/render_0037.png",
            "transform_matrix": [
                [
                    0.6274740695953369,
                    -0.15533585846424103,
                    0.7629856467247009,
                    38.24543762207031
                ],
                [
                    0.7786374688148499,
                    0.1251792162656784,
                    -0.6148608922958374,
                    -30.82052993774414
                ],
                [
                    -4.6828105837448675e-09,
                    0.9798984527587891,
                    0.1994970291852951,
                    10.0
                ],
                [
                    0.0,
                    0.0,
                    0.0,
                    1.0
                ]
            ]
        },
        {
            "file_path": "./train/render_0038.png",
            "transform_matrix": [
                [
                    0.5306336283683777,
                    -0.16125670075416565,
                    0.8321202993392944,
                    43.73811721801758
                ],
                [
                    0.8476012945175171,
                    0.10095331817865372,
                    -0.5209419131278992,
                    -27.38188362121582
                ],
                [
                    6.067455871061611e-08,
                    0.9817355871200562,
                    0.19025060534477234,
                    10.0
                ],
                [
                    0.0,
                    0.0,
                    0.0,
                    1.0
                ]
            ]
        },
        {
            "file_path": "./train/render_0039.png",
            "transform_matrix": [
                [
                    0.4359185993671417,
                    -0.1640678495168686,
                    0.8849049210548401,
                    48.541019439697266
                ],
                [
                    0.8999860882759094,
                    0.07946820557117462,
                    -0.4286138415336609,
                    -23.511409759521484
                ],
                [
                    -5.484833920377241e-08,
                    0.9832428693771362,
                    0.18230044841766357,
                    10.0
                ],
                [
                    0.0,
                    0.0,
                    0.0,
                    1.0
                ]
            ]
        },
        {
            "file_path": "./train/render_0040.png",
            "transform_matrix": [
                [
                    0.34411901235580444,
                    -0.16505861282348633,
                    0.9243039488792419,
                    52.578399658203125
                ],
                [
                    0.9389260411262512,
                    0.060494471341371536,
                    -0.3387599587440491,
                    -19.2701473236084
                ],
                [
                    -2.9932305523061586e-08,
                    0.9844267964363098,
                    0.17579513788223267,
                    10.0
                ],
                [
                    0.0,
                    0.0,
                    0.0,
                    1.0
                ]
            ]
        },
        {
            "file_path": "./train/render_0041.png",
            "transform_matrix": [
                [
                    0.2552114427089691,
                    -0.1651175618171692,
                    0.9526821970939636,
                    55.786590576171875
                ],
                [
                    0.9668852686882019,
                    0.04358304291963577,
                    -0.25146251916885376,
                    -14.724982261657715
                ],
                [
                    8.857286104557716e-08,
                    0.985310435295105,
                    0.17077262699604034,
                    10.0
                ],
                [
                    0.0,
                    0.0,
                    0.0,
                    1.0
                ]
            ]
        },
        {
            "file_path": "./train/render_0042.png",
            "transform_matrix": [
                [
                    0.16871710121631622,
                    -0.16482067108154297,
                    0.9717863202095032,
                    58.114990234375
                ],
                [
                    0.9856645464897156,
                    0.028212562203407288,
                    -0.16634154319763184,
                    -9.947595596313477
                ],
                [
                    -5.6519070312788244e-08,
                    0.9859199523925781,
                    0.16721783578395844,
                    10.0
                ],
                [
                    0.0,
                    0.0,
                    0.0,
                    1.0
                ]
            ]
        },
        {
            "file_path": "./train/render_0043.png",
            "transform_matrix": [
                [
                    0.08392246067523956,
                    -0.16451887786388397,
                    0.9827973246574402,
                    59.52688217163086
                ],
                [
                    0.9964722990989685,
                    0.01385578978806734,
                    -0.08277074992656708,
                    -5.01332950592041
                ],
                [
                    -8.296710518607142e-08,
                    0.9862766265869141,
                    0.1651013046503067,
                    10.0
                ],
                [
                    0.0,
                    0.0,
                    0.0,
                    1.0
                ]
            ]
        },
        {
            "file_path": "./train/render_0044.png",
            "transform_matrix": [
                [
                    -0.3441193103790283,
                    -0.16505882143974304,
                    0.9243037700653076,
                    52.578399658203125
                ],
                [
                    0.9389259219169617,
                    -0.060494620352983475,
                    0.33876022696495056,
                    19.2701473236084
                ],
                [
                    4.5069697307553724e-08,
                    0.984426736831665,
                    0.17579537630081177,
                    10.0
                ],
                [
                    0.0,
                    0.0,
                    0.0,
                    1.0
                ]
            ]
        },
        {
            "file_path": "./train/render_0045.png",
            "transform_matrix": [
                [
                    -0.4359186589717865,
                    -0.16406776010990143,
                    0.8849049210548401,
                    48.541019439697266
                ],
                [
                    0.8999860882759094,
                    -0.07946813106536865,
                    0.42861393094062805,
                    23.511409759521484
                ],
                [
                    1.555299355970874e-08,
                    0.9832428693771362,
                    0.18230032920837402,
                    10.0
                ],
                [
                    0.0,
                    0.0,
                    0.0,
                    1.0
                ]
            ]
        },
        {
            "file_path": "./train/render_0046.png",
            "transform_matrix": [
                [
                    -0.5306336879730225,
                    -0.1612565666437149,
                    0.8321202993392944,
                    43.73811721801758
                ],
                [
                    0.8476012349128723,
                    -0.10095329582691193,
                    0.520941972732544,
                    27.38188362121582
                ],
                [
                    -3.1820679424754417e-08,
                    0.9817355871200562,
                    0.1902504861354828,
                    10.0
                ],
                [
                    0.0,
                    0.0,
                    0.0,
                    1.0
                ]
            ]
        },
        {
            "file_path": "./train/render_0047.png",
            "transform_matrix": [
                [
                    -0.6274741888046265,
                    -0.15533587336540222,
                    0.7629855275154114,
